140
6 11 0.19328
16 13 0.13744
10 3 0.18996
2 17 0.0902
14 1 0.14766
20 15 0.16144
10 1 0.11712
15 5 0.027
4 15 0.10628
19 3 0.0378
3 12 0.1594
15 12 0.19238
15 7 0.10988
19 4 0.0624
2 18 0.07964
3 11 0.00532
8 14 0.08882
9 15 0.0384
16 17 0.07226
19 7 0.12192
6 20 0.05588
15 8 0.10898
10 12 0.13964
12 6 0.02038
10 10 1649
14 17 0.04796
7 18 0.0717
9 3 0.01484
19 4 0.18806
16 15 0.17506
14 2 0.19732
1 16 0.02426
19 5 0.00876
20 16 0.04078
6 7 0.06178
13 12 0.1987
3 7 0.18874
3 11 0.03924
17 9 0.1282
7 8 0.03
10 3 0.1213
16 8 0.03804
13 9 0.01194
13 8 0.19842
9 1 0.0071
18 15 0.06378
14 17 0.06062
2 3 0.0406
5 7 0.15704
17 15 0.06902
15 11 0.02002
20 1 0.00748
19 6 0.17834
12 12 6974
1 17 0.03326
3 2 0.08518
12 11 0.02294
1 14 0.07238
8 2 0.0236
19 18 0.09866
10 15 0.1148
2 16 0.1429
9 14 0.0591
2 17 0.02002
10 20 0.16504
6 20 0.15308
9 12 0.01292
9 6 0.19546
7 4 0.03308
13 18 0.12822
13 14 0.06534
8 10 0.08526
5 4 0.1175
14 13 0.1541
15 12 0.18672
11 11 2776
8 15 0.06666
6 16 0.01904
8 17 0.05186
13 12 0.05308
17 12 0.11218
15 7 0.1735
16 14 0.08216
8 15 0.03842
4 5 0.19556
9 19 0.14494
7 15 0.0573
15 17 0.00434
7 5 0.15456
18 5 0.13432
14 7 0.1865
14 15 0.16666
14 4 0.10206
18 19 0.11704
20 4 0.12736
18 13 0.08224
20 17 0.05028
7 15 0.1837
12 12 204
20 3 0.15008
11 1 0.02592
8 13 0.11008
20 4 0.01498
17 15 0.17838
3 6 0.09204
8 15 0.0442
5 2 0.0787
18 11 0.1579
1 9 0.11542
11 6 0.19994
3 12 0.09434
9 4 0.11772
4 19 0.19344
14 19 0.04338
1 11 0.10168
14 3 0.12716
6 6 6790
2 9 0.02646
17 12 0.0005
2 7 0.19484
6 9 0.06302
20 14 0.10958
10 18 0.05246
20 6 0.07846
20 1 0.07312
20 18 0.14686
7 9 0.12408
2 8 0.18618
16 13 0.1358
5 4 0.01034
11 9 0.13182
8 17 0.18596
12 6 0.13706
1 18 0.01534
11 16 0.0543
20 12 0.14594
15 18 0.02094
11 4 0.08496
18 5 0.05168
20 12 0.14628
