140
6 11 9491.261664
16 13 6790.6846091279995
10 3 9353.164950017499
2 17 4437.86451
14 1 7373.307
20 15 7817.530399720072
10 1 5723.401112581856
15 5 1265.00404865
4 15 5070.5458627493135
19 3 1837.29
3 12 7814.08390203
15 12 9348.771093858086
15 7 5343.536942029494
19 4 2918.5493568800002
2 18 3826.075942018
3 11 133.43826600000003
8 14 4375.2924410000005
9 15 1652.9787616287886
16 17 3535.539663551613
19 7 5979.340281903999
6 20 2634.994794
15 8 5145.05943553724
10 12 6837.949750214903
12 6 862.5260559809999
10 10 0
14 17 2390.8963980000003
7 18 3439.9314956635853
9 3 573.706449032742
19 4 9182.719199596999
16 15 8567.652442513756
14 2 9866.0
1 16 1146.334637787
19 5 386.304438
20 16 1969.859114961
6 7 2927.9525216470893
13 12 9763.944795065
3 7 9370.565437000001
3 11 1826.047962
17 9 6302.89922359
7 8 1391.1044984999999
10 3 5933.876365746066
16 8 1776.853404393902
13 9 420.03557961259696
13 8 9695.466753079001
9 1 320.990355
18 15 2866.813771267816
14 17 3022.6310310000003
2 3 1959.06
5 7 7796.578
17 15 3211.5494755072514
15 11 774.772001997001
20 1 374.0
19 6 8581.574080874576
12 12 0
1 17 1661.337
3 2 4185.831
12 11 1098.723
1 14 3613.071
8 2 1060.00118
19 18 4635.41428069466
10 15 5517.795985286065
2 16 7069.997145
9 14 2910.5338620449998
2 17 935.879001
10 20 8109.831479000252
6 20 7485.279654
9 12 612.0540000000001
9 6 9547.246598917774
7 4 1600.813654
13 18 6163.244440362411
13 14 3263.733
8 10 4077.9975873913104
5 4 5857.035
14 13 7697.295
15 12 9067.18326668667
11 11 0
8 15 3039.618296686662
6 16 785.3895104847591
8 17 2499.716593
13 12 2504.765959346
17 12 5543.197609
15 7 8511.832015308675
16 14 4039.068108
8 15 1634.6641907996031
4 5 9756.132
9 19 6985.437397566228
7 15 2725.037178542865
15 17 -6.312832168915236
7 5 7672.702
18 5 6602.9121412839995
14 7 9268.105
14 15 8227.075990667
14 4 5095.5869999999995
18 19 5549.828461509254
20 4 6368.0
18 13 3873.426655556112
20 17 2456.8959999999997
7 15 9019.795073269184
12 12 0
20 3 7356.969504000001
11 1 1296.0
8 13 5291.704506496
20 4 749.0
17 15 8652.264100854587
3 6 4352.759593596603
8 15 1922.222077911048
5 2 3935.0
18 11 7743.757895
1 9 5726.1637709999995
11 6 9823.595997
3 12 4570.833146283
9 4 5793.803886
4 19 9450.913006327999
14 19 2113.844169
1 11 5084.0
14 3 6351.642
6 6 0
2 9 1222.6149676769999
17 12 -29.639975000000003
2 7 9684.688
6 9 2951.694893399151
20 14 5471.210999999999
10 18 2417.221292579329
20 6 3761.737923
20 1 3656.0
20 18 7192.8613430000005
7 9 6096.041199190204
2 8 9172.751309000001
16 13 6708.93036321
5 4 504.393
11 9 6497.394591
8 17 9191.313298
12 6 6679.0415521469995
1 18 684.596767
11 16 2643.8331422849997
20 12 7289.703
15 18 737.6336840756986
11 4 4248.0
18 5 2483.295749416
20 12 7306.686
