185
1000 99
4000 220
5000 382
8000 814
17000 1135
19000 1236
21000 1438
27000 1652
31000 1962
43000 2265
46000 2309
51000 3065
60000 3659
64000 4093
69000 4472
81000 4800
89000 4990
96000 5433
97000 6164
124000 6465
136000 7818
142000 7841
150000 7937
165000 8958
172000 9346
186000 10590
206000 10732
217000 11257
242000 12149
257000 13883
278000 13902
279000 15225
303000 15261
308000 15477
330000 17931
340000 18217
356000 18383
365000 20587
366000 21000
415000 21264
437000 23660
479000 24586
505000 26251
544000 27215
572000 30954
597000 31175
598000 32027
617000 34792
650000 35002
706000 35723
709000 36391
712000 38830
772000 39704
804000 40441
807000 41369
827000 41383
921000 46540
1010000 51007
1013000 51584
1064000 54406
1136000 57644
1176000 60831
1183000 62464
1227000 63006
1276000 66025
1292000 66230
1326000 67115
1408000 70665
1414000 73142
1445000 73803
1454000 76813
1513000 76827
1583000 79795
1665000 83440
1710000 86469
1719000 92881
1756000 93495
1878000 95189
1901000 97798
1998000 101749
2015000 102098
2022000 103451
2102000 105530
2141000 107441
2154000 107796
2229000 113024
2317000 115984
2386000 120385
2403000 124158
2412000 126690
2418000 128210
2565000 128369
2579000 132651
2616000 132955
2780000 139550
2816000 142241
2862000 147334
2913000 149018
2993000 150333
3143000 158919
3261000 166728
3285000 173597
3362000 174998
3406000 175900
3519000 176020
3521000 176847
3539000 179432
3588000 183787
3656000 184307
3680000 184345
3781000 189664
3854000 193349
3944000 199920
4010000 201663
4160000 211727
4227000 212138
4387000 220083
4424000 225054
4427000 226997
4463000 230632
4591000 232808
4635000 235376
4808000 240830
4854000 244913
4863000 250328
4995000 256670
5054000 266784
5297000 267605
5420000 272916
5560000 279650
5572000 281825
5611000 287560
5689000 294154
5802000 297860
5932000 305642
5979000 308623
6114000 309068
6184000 312280
6219000 312976
6248000 316851
6257000 318290
6303000 325284
6380000 326428
6493000 332317
6532000 332457
6650000 335699
6708000 342205
6861000 344996
6949000 348801
7132000 358032
7184000 366712
7411000 370983
7416000 371633
7797000 389874
7819000 395373
7862000 397768
7909000 403873
8044000 405069
8070000 411908
8116000 415660
8191000 417518
8392000 420805
8556000 431175
8684000 435176
8709000 437272
8766000 444010
8934000 447325
8959000 449822
9028000 452877
9074000 457433
9395000 470395
9466000 473917
9503000 482566
9670000 484527
9716000 488203
9732000 488412
9776000 488972
9877000 498699
9910000 500324
9926000 506029
9987000 509003
9991000 810642
9998000 872898
9999000 1347473
10000000 1470348
